
null 0 0 0 0 30 5 3
a 0 0 0 2 30 5 3
a 0 0 0 4 30 5 3
a 0 0 0 6 30 5 -1
null 0 0 0 0 30 5 3
null 0 0 0 0 30 5 3
null 0 0 0 0 30 5 3
null 0 0 0 0 30 5 3
null 0 0 0 0 30 5 3
a 0 0 2 6 29 5 -1
a 0 0 4 6 29 5 -1
a 0 0 6 6 28 5 -1
a 0 0 6 6 28 5 -1
a 0 0 4 6 27 5 -1
a 0 0 2 6 27 5 -1
a 0 0 0 6 27 5 -1
a 0 0 2 6 27 5 -1
a 0 0 2 4 26 5 -1
a 0 10 4 4 26 5 -1
a 0 10 4 2 25 5 -1
a 0 10 6 2 45 5 -1
a 0 10 6 4 44 5 -1
a 0 10 6 6 44 5 -1
a 0 10 6 8 44 5 -1
a 0 10 6 10 43 5 -1
a 0 10 6 12 43 5 -1
a 0 10 8 12 43 5 -1
a 0 30 8 14 42 5 -1
a 0 30 8 12 42 5 -1
a 0 30 8 10 42 5 -1
a 0 30 8 8 42 5 -1
a 0 30 8 6 41 5 -1
a 0 30 24 6 41 5 -1
a 0 30 24 8 39 5 -1
a 0 30 24 10 39 5 -1
a 0 30 24 12 38 5 -1
a 0 30 24 14 38 5 -1
a 0 30 24 16 37 5 -1
a 0 60 24 18 37 5 -1
a 0 90 26 18 37 5 -1
a 0 90 28 18 57 5 -1
a 0 90 26 18 56 5 -1
a 0 90 24 18 56 5 -1
a 0 90 22 18 56 5 -1
a 0 90 20 18 56 5 -1
a 0 90 18 18 56 5 -1
a 0 90 16 18 55 5 -1
a 0 90 14 18 55 5 -1
a 0 90 12 18 55 5 -1
a 0 90 12 16 55 5 -1
a 0 90 12 14 55 5 -1
a 0 90 14 14 54 5 -1
a 0 100 14 12 54 5 -1
a 1 118 0 0 54 4 3
a 1 118 0 2 52 4 3
a 1 118 2 2 51 4 3
a 1 128 2 0 51 4 3
a 1 128 4 0 50 4 3
a 1 128 6 0 50 4 3
a 1 128 8 0 50 4 3
a 1 128 10 0 50 4 3
a 1 128 12 0 50 4 3
a 1 128 14 0 50 -1 3
a 1 128 14 0 50 -1 3
a 1 128 14 0 50 -1 3
a 1 128 14 0 50 -1 3
a 1 128 14 0 50 -1 3
a 1 128 14 0 50 -1 3
a 1 128 14 0 50 -1 3
a 1 128 14 0 49 -1 3
null 0 0 0 0 30 5 3
null 0 0 0 0 30 5 3
a 1 128 14 2 40 -1 3
a 1 128 14 0 40 -1 3
a 1 128 12 0 39 -1 -1
a 1 128 10 0 39 -1 -1
a 1 128 8 0 39 -1 -1
a 1 128 6 0 38 -1 -1
a 1 128 6 2 38 -1 -1
a 1 128 6 4 38 -1 -1
a 1 128 4 4 37 -1 -1
a 1 128 2 4 37 -1 -1
a 1 128 0 4 37 -1 -1
a 1 168 0 6 37 -1 -1
a 1 168 0 4 36 -1 -1
a 1 168 0 4 36 -1 -1
a 1 168 0 4 36 -1 -1
a 1 168 0 4 35 -1 -1
a 1 168 2 4 35 -1 -1
a 1 168 4 4 35 -1 -1
a 1 168 6 4 35 -1 -1
a 1 168 6 2 34 -1 -1
a 1 168 6 0 34 -1 -1
a 1 168 4 0 34 -1 -1
a 1 178 2 0 33 -1 -1
a 1 178 4 0 33 -1 -1
a 1 178 6 0 32 -1 -1
a 1 178 8 0 32 -1 -1
a 1 178 10 0 32 -1 -1
a 1 178 12 0 32 -1 -1
a 1 178 14 0 32 -1 -1
a 1 178 14 0 32 -1 -1
a 1 178 14 0 32 -1 -1
a 1 178 14 0 32 -1 -1
a 1 178 14 0 32 -1 -1
a 1 178 14 2 32 -1 -1
a 1 198 12 2 32 -1 -1
a 1 198 12 12 31 -1 -1
a 1 198 12 14 50 -1 -1
a 1 198 10 14 50 -1 -1
a 1 198 8 14 49 -1 -1
a 2 214 0 0 49 5 5